None,0,0,426264,426224
AccumTypes,1,1,427516,427476
Accumulator,2,2,436700,436660
Action,3,3,509556,509516
Acttypes,4,4,568156,568116
Animate,5,5,577884,577844
AsciiMnu,6,6,2231744,2231704
AudioMd,7,7,2420424,2420384
AutoSend,8,8,2425672,2425632
Intervaltype,9,9,2429604,2429564
DayIncrt,10,10,2435972,2435932
LogTypes,11,11,2442340,2442300
LogFiles,12,12,2448708,2448668
LogLevel,13,13,2467992,2467952
ProcType,14,14,2483320,2483280
FuncTble,15,15,2490224,2490184
Connect,16,16,2523024,2522984
Protocol,17,17,2533936,2533896
Machine,18,18,2547248,2547208
Batches,19,19,2844516,2844476
BeaconMenu,20,0,2891648,2891608
BeaconInfo,21,20,2894548,2894508
BeaconPattern,22,21,3089136,3089096
BeaconTrigger,23,22,3108104,3108064
BuildBoss,24,23,3489564,3489524
BuildCfg,25,24,3535084,3535044
BuildFmt,26,25,3591860,3591820
BuildParseSub,27,0,3629892,3629852
BuildTest,28,26,3633204,3633164
CState,29,27,3651472,3651432
CTRLDT,30,28,3656476,3656436
ChainOiler,31,29,3670512,3670472
ChartMenu,32,30,3683844,3683804
ChartType,33,31,3707340,3707300
CircMenu,34,32,3713708,3713668
Colors,35,33,3724364,3724324
ColorsGUI,36,34,3790632,3790592
Colorset,37,35,3853852,3853812
ColumnScheme,38,36,3864188,3864148
CombBoss,39,37,3895292,3895252
CombLane,40,38,3905412,3905372
Combos,41,39,3927060,3927020
Configio,42,40,3950740,3950700
Confirm,43,0,4078628,4078588
Convclr,44,41,4080704,4080664
Conveyor,45,42,4091040,4091000
Convpath,46,43,16429620,16429580
Counters,47,44,16465484,16465444
DataSets,48,45,16480972,16480932
DataUtil,49,0,16490556,16490516
Dayweek,50,46,16492220,16492180
DbHistConfig,51,47,16497916,16497876
DbHistData,52,48,17470432,17470392
EmEventTypes,53,49,17503896,17503856
EStop,54,50,17541624,17541584
Encoders,55,51,17604744,17604704
EnergyMenu,56,0,17627996,17627956
EnergyTrigger,57,52,17630896,17630856
EnergyZone,58,53,17662800,17662760
Error_Log,59,54,17683948,17683908
ErrorAnalysis,60,55,17706832,17706792
ErrorCustom1,61,56,17727296,17727256
ErrorCustom2,62,57,17749860,17749820
ErrorStatus,63,58,17772424,17772384
ErrorStatusLog,64,59,19774972,19774932
Errors,65,60,22269212,22269172
Errsever,66,61,23065144,23065104
Errsugt,67,62,23076660,23076620
wcsSeverity,68,63,23103188,23103148
wcsAlarm,69,64,23109556,23109516
EventLog,70,65,23118164,23118124
EventTypes,71,66,23142356,23142316
FAILSAFE,72,67,23151540,23151500
FORTNADT,73,68,23157080,23157040
FastIO,74,69,23350092,23350052
Fcommand,75,70,23359676,23359636
Formats,76,71,23371164,23371124
Fulljam,77,72,23377532,23377492
Fullline,78,73,23450180,23450140
GUIDT,79,74,23554524,23554484
GapCfg,80,75,23568560,23568520
Gobackm,81,76,23582928,23582888
GpxBelt,82,77,23588068,23588028
GraphMenu,83,78,23608964,23608924
Groups,84,79,23618724,23618684
HSPusher,85,80,23673980,23673940
HistBoss,86,81,23687320,23687280
HistConfig,87,82,23696432,23696392
HistData,88,83,23992000,23991960
HistNumDays,89,84,25215008,25214968
HistType,90,85,25221376,25221336
Hlpmenu,91,86,25227744,25227704
HouseKeep,92,87,25299072,25299032
interfac,93,88,25407208,25407168
IOCard,94,89,25416264,25416224
IOCardModConfig,95,90,25534720,25534680
IOCardResp,96,91,25560392,25560352
IOCardStatus,97,92,25577640,25577600
IORangeColor,98,93,25663432,25663392
IOSearch,99,94,25673768,25673728
Inducts,100,95,25684104,25684064
Inpoints,101,96,25698972,25698932
Jamcheck,102,97,25723372,25723332
Jamzones,103,98,25907784,25907744
KTX_CONTROL,104,99,25945064,25945024
KTX_FLAGS,105,100,25954816,25954776
KTX_Machine,106,101,25965140,25965100
KTX_OUTPORT,107,102,25974900,25974860
KTX_RAM,108,103,25979200,25979160
KTX_RIO_ADAPTERS,109,104,25998740,25998700
KTX_RIO_SCANLIST,110,105,26076192,26076152
KTX_RIO_STATUS,111,106,26095408,26095368
KTX_TNS,112,107,26101700,26101660
KTX_TYPES,113,108,26117928,26117888
KeyDefine,114,109,26124296,26124256
KeyStrokes,115,110,26178408,26178368
KeyTypes,116,111,26184532,26184492
LaneType,117,112,26190900,26190860
Layerset,118,113,26197268,26197228
Layerson,119,114,26205876,26205836
LiftGatesCtrl,120,115,26219800,26219760
LineType,121,116,26240000,26239960
LogCtrl,122,117,26246368,26246328
LogRamBoss,123,118,26896844,26896804
LogServ,124,119,26911804,26911764
LogSrv1,125,120,27562280,27562240
LogSrv2,126,121,28212756,28212716
LogSort,127,122,28863232,28863192
LogStatus,128,123,29513708,29513668
Logic,129,124,29519180,29519140
MenuColumn,130,125,33228432,33228392
MenuFilter,131,126,33300844,33300804
MenuMenu,132,127,33319052,33319012
MenuScheme,133,128,33568972,33568932
MergeActionPop,134,129,33602908,33602868
MergeState,135,130,33618236,33618196
MergeBoss,136,131,33633564,33633524
MergeExtras,137,132,33649956,33649916
MergeInputs,138,133,33661684,33661644
MergeNotBusy,139,134,33688492,33688452
MergeRoute,140,135,33700572,33700532
MergeRunOutputs,141,136,33711952,33711912
MergeStopOutputs,142,137,33721108,33721068
Merges,143,138,33730264,33730224
MessageList,144,139,33769516,33769476
MsgMap,145,140,33814148,33814108
MsgTrack,146,141,33883536,33883496
Mtrchain,147,142,33907428,33907388
NewGapper,148,143,34061488,34061448
NewGapperStates,149,144,34084364,34084324
NewGapperModes,150,145,34092972,34092932
NewMerge,151,0,34097772,34097732
Operator,152,146,34101084,34101044
Outducts,153,147,34122012,34121972
Outpoints,154,148,34136344,34136304
Parameters,155,149,34299256,34299216
ParseBoss,156,150,34308304,34308264
ParseCfg,157,151,34354976,34354936
ParseTest,158,152,34412328,34412288
Pathsets,159,153,34430020,34429980
PhCfg,160,154,34449136,34449096
PhHistory,161,155,34466552,34466512
PhMap,162,156,34468956,34468916
PhPos,163,157,34481516,34481476
PhSearch,164,158,34492428,34492388
PhView,165,159,34504492,34504452
PowerSupply,166,160,34518860,34518820
PrintMenu,167,161,34654956,34654916
PrintType,168,162,34682884,34682844
ProcInfo,169,163,34689252,34689212
Product,170,164,34706944,34706904
RateCount,171,165,34720204,34720164
RatePrint,172,166,34740128,34740088
ReadStat,173,167,34757376,34757336
Recorder,174,168,34763744,34763704
Recrdtyp,175,169,34781904,34781864
RecvStat,176,170,34791632,34791592
RequestList,177,171,34798000,34797960
Resptyp,178,172,34815380,34815340
SERVDT,179,173,34827348,34827308
SRV1DT,180,174,34841384,34841344
SRV2DT,181,175,34855420,34855380
SawLane,182,176,34869456,34869416
SawMenu,183,0,34937332,34937292
SawMerge,184,177,34939408,34939368
SawResvMode,185,178,34957492,34957452
SawState,186,179,34963860,34963820
HSSawMerge,187,180,34970228,34970188
HSSawState,188,181,34989216,34989176
HSSawLane,189,182,34995584,34995544
HSParmType,190,183,35075256,35075216
HSParmSpd,191,184,35081624,35081584
HSSawParm,192,185,35086648,35086608
HSSawSim,193,186,35125796,35125756
HSSawMenu,194,0,35161464,35161424
ScaleType,195,187,35163952,35163912
ScanViews,196,188,35170320,35170280
Scanners,197,189,35403820,35403780
ScreenCapture,198,190,35420612,35420572
SendStat,199,191,35433552,35433512
ShiftRept,200,192,35439920,35439880
ShifterTest,201,193,35717504,35717464
SignalTyp,202,194,35728740,35728700
SimpleMerge,203,195,35741828,35741788
Simsets,204,196,35758112,35758072
SortBuff,205,197,35778312,35778272
SortData,206,198,36072772,36072732
Sorters,207,199,37362436,37362396
StartStopZones,208,200,37397664,37397624
State,209,201,37409728,37409688
StateType,210,202,37582452,37582412
TIMElist,211,203,37588820,37588780
TState,212,204,37606920,37606880
Today,213,205,37653644,37653604
TrainStates,214,206,37659720,37659680
Trigrset,215,207,37675048,37675008
Trigrtyp,216,208,37954344,37954304
TrilogySets,217,209,37966312,37966272
UPSMenu,218,210,37974824,37974784
UPSType,219,211,38010476,38010436
Updates,220,212,38016844,38016804
WasCState,221,213,38055144,38055104
WasState,222,214,38060148,38060108
WasTState,223,215,38232872,38232832
WatchActs,224,216,38279596,38279556
WatchType,225,217,38285964,38285924
Watcher,226,218,38292332,38292292
WizardAutoFill,227,219,38330420,38330380
WizardTemplate,228,220,38352712,38352672
XferActionPop,229,221,38377468,38377428
XferBoss,230,222,38392796,38392756
XferCfg,231,223,38510136,38510096
XferCheckSet,232,224,38625160,38625120
XferGoSet,233,225,38680568,38680528
XferOutTypePop,234,226,38742456,38742416
XferPattern,235,227,38757784,38757744
XferSensePop,236,228,38778680,38778640
XferStatePop,237,229,38794008,38793968
XferTree,238,230,38809336,38809296
ZoneStates,239,231,38966576,38966536
avideo,240,232,38975760,38975720
belt,241,233,39002252,39002212
contact,242,234,39009740,39009700
convdesc,243,235,39014988,39014948
convtype,244,236,39063916,39063876
ctrlprocnames,245,237,39083724,39083684
dispnames,246,238,39133948,39133908
edworld,247,239,39160476,39160436
flagmenu,248,240,39183596,39183556
flagsmnu,249,241,39233820,39233780
fontmenu,250,242,39285624,39285584
getpw,251,0,39337144,39337104
horns,252,243,39339220,39339180
inout,253,244,39351860,39351820
iomodule,254,245,39356660,39356620
iopos,255,246,39364148,39364108
iostatus,256,247,39367128,39367088
iotype,257,248,39375736,39375696
lowhigh,258,249,39382104,39382064
maininst,259,0,39386904,39386864
newflags,260,250,39388156,39388116
newflagsdouble,261,251,39438380,39438340
offsetc,262,0,39489448,39489408
partnum,263,252,39490700,39490660
partpopup,264,0,39562028,39561988
password,265,253,39563692,39563652
procnames,266,254,39584056,39584016
scanstat,267,255,39634280,39634240
selconv,268,0,39677212,39677172
simelaps,269,256,39678464,39678424
sqlquery,270,257,39682816,39682776
timemenu,271,258,39769592,39769552
IOAction,272,259,40557672,40557632
ChainStretch,273,260,40564040,40564000
ZipperLane,274,261,40589796,40589756
ZipperMerge,275,262,40672592,40672552
ZipperErrLog,276,263,40701476,40701436
ZprAccumState,277,264,40736512,40736472
ZprGapType,278,265,40742880,40742840
ZprGapperZone,279,266,40749248,40749208
ZprIOAction,280,267,40770396,40770356
ZprLaneState,281,268,40776764,40776724
ZprMergeType,282,269,40783132,40783092
ZprSimConfig,283,270,40789500,40789460
ZprStatusMsgs,284,271,40807956,40807916
ZprTickGapper,285,272,40851436,40851396
ZprZoneType,286,273,40871432,40871392
ServoGapper,287,274,40877800,40877760
GapOptState,288,275,40911912,40911872
ServoGapOpt,289,276,40918280,40918240
GapOptSim,290,277,40953072,40953032
GapOptMenu,291,0,40975788,40975748
XfRouteBoss,292,278,40977864,40977824
XfRouteTable,293,279,41085212,41085172
XfSimConfig,294,280,41114144,41114104
XfrSimScans1,295,281,41143116,41143076
XfrSimScans2,296,282,41824996,41824956
XfrSimScans3,297,283,42506876,42506836
XfrSimScans4,298,284,43188756,43188716
XfrSimScans5,299,285,43870636,43870596
ErrConfig,300,286,44552516,44552476
SrtAppControl,301,287,44557764,44557724
SrtBadGapCnfg,302,288,44600468,44600428
SrtLaneNotAvail,303,289,44611776,44611736
SrtRndRobin,304,290,44630228,44630188
SrtScanBoss,305,291,44644928,44644888
SrtScanSts,306,292,44692076,44692036
SrtZoneLane,307,293,44699564,44699524
SrtHrtBeat,308,294,44936484,44936444
SortSimScans1,309,295,44966752,44966712
SortSimScans2,310,296,45648632,45648592
SortSimScans3,311,297,46330512,46330472
SortSimScans4,312,298,47012392,47012352
SortSimScans5,313,299,47694272,47694232
SrtSimConfig,314,300,48376152,48376112
ScnDeviceErrIO,315,301,48413764,48413724
ScnDvErrType,316,302,48561192,48561152
ScnFieldType,317,303,48567560,48567520
ScnScanDevice,318,304,48581768,48581728
ScnScanTypes,319,305,48637196,48637156
ScnScanSts,320,306,48657004,48656964
ScnScanAlg,321,307,48664492,48664452
ScnScanZone,322,308,48684300,48684260
ScnZnErrType,323,309,48770056,48770016
ScnZoneErrIO,324,310,48776424,48776384
XfrTrack,325,311,48923852,48923812
XfrDevice,326,312,49879824,49879784
SrtTrack1,327,313,49936108,49936068
SrtTrack2,328,314,50837048,50837008
SrtTrack3,329,315,51737988,51737948
SrtTrack4,330,316,52638928,52638888
SrtTrack5,331,317,53539868,53539828
SrtDevice1,332,318,54440808,54440768
SrtDevice2,333,319,54497092,54497052
SrtDevice3,334,320,54553376,54553336
SrtDevice4,335,321,54609660,54609620
SrtDevice5,336,322,54665944,54665904
PrtTrkTable1,337,323,54722228,54722188
PrtTrkTable2,338,324,55625856,55625816
PrtTrkTable3,339,325,56529484,56529444
PrtTrkTable4,340,326,57433112,57433072
PrtTrkTable5,341,327,58336740,58336700
PrtTrkErrTbl1,342,328,59240368,59240328
PrtTrkErrTbl2,343,329,59347204,59347164
PrtTrkErrTbl3,344,330,59454040,59454000
PrtTrkErrTbl4,345,331,59560876,59560836
PrtTrkErrTbl5,346,332,59667712,59667672
SendTstCRR,347,333,59774548,59774508
SendIOStatus,348,334,59901428,59901388
MsgCR1,349,335,59941764,59941724
MsgCR2,350,336,60287396,60287356
MsgCR3,351,337,60633028,60632988
MsgCR4,352,338,60978660,60978620
MsgCR5,353,339,61324292,61324252
MsgCR6,354,340,61669924,61669884
MsgCR7,355,341,62015556,62015516
MsgCR8,356,342,62361188,62361148
MsgCR9,357,343,62706820,62706780
MsgDC1,358,344,63052452,63052412
MsgDC2,359,345,63398084,63398044
MsgDC3,360,346,63743716,63743676
MsgDC4,361,347,64089348,64089308
MsgDC5,362,348,64434980,64434940
MsgDC6,363,349,64780612,64780572
MsgDC7,364,350,65126244,65126204
MsgDC8,365,351,65471876,65471836
MsgDC9,366,352,65817508,65817468
MsgXR1,367,353,66163140,66163100
MsgXR2,368,354,67860572,67860532
MsgXR3,369,355,69558004,69557964
MsgXR4,370,356,71255436,71255396
MsgXR5,371,357,72952868,72952828
MsgXR6,372,358,74650300,74650260
MsgXR7,373,359,76347732,76347692
MsgXR8,374,360,78045164,78045124
MsgXR9,375,361,79742596,79742556
MsgXDC1,376,362,81440028,81439988
MsgXDC2,377,363,83137460,83137420
MsgXDC3,378,364,84834892,84834852
MsgXDC4,379,365,86532324,86532284
MsgXDC5,380,366,88229756,88229716
MsgXDC6,381,367,89927188,89927148
MsgXDC7,382,368,91624620,91624580
MsgXDC8,383,369,93322052,93322012
MsgXDC9,384,370,95019484,95019444
MsgGP1,385,371,96716916,96716876
MsgGP2,386,372,97062548,97062508
MsgGP3,387,373,97408180,97408140
MsgGP4,388,374,97753812,97753772
MsgGP5,389,375,98099444,98099404
MsgGP6,390,376,98595276,98595236
MsgGP7,391,377,98940908,98940868
MsgGP8,392,378,99286540,99286500
MsgGP9,393,379,99632172,99632132
MsgTST,394,380,99977804,99977764
MsgWCS,395,381,100323436,100323396
MsgNMS,396,382,106867052,106867012
SrtCommMsgMatch,397,383,106971708,106971668
ConfigHistScrn,398,384,106989916,106989876
RndRobinUtil,399,0,107013768,107013728
PrintApplySim,400,0,107015432,107015392
SimWaveDataUtil,401,0,107019568,107019528
WaveDataMsgUtil,402,0,107022468,107022428
SrtTrkUtil,403,0,107027016,107026976
PrtTrkUtil,404,0,107031976,107031936
SndTrkUtil,405,0,107036936,107036896
RcvTrkUtil,406,0,107039836,107039796
InputData1,407,385,107042736,107042696
InputData2,408,386,107044852,107044812
InputData3,409,387,107046720,107046680
InputData4,410,388,107048588,107048548
InputData5,411,389,107050456,107050416
OutputData1,412,390,107052324,107052284
OutputData2,413,391,107054440,107054400
OutputData3,414,392,107056308,107056268
OutputData4,415,393,107058176,107058136
OutputData5,416,394,107060044,107060004
CombinedJamZones,417,395,107061912,107061872
CombinedEnableBits,418,396,107081416,107081376
TextFontZoom,419,397,107110632,107110592
ViewFontZoom,420,398,107119464,107119424
ButtonFontZoom,421,399,107128296,107128256
FieldFontZoom,422,400,107137128,107137088
HelpFontZoom,423,401,107145960,107145920
TimedIO,424,402,107154792,107154752
ABS_EIP_ADAPTERS,425,403,107188488,107188448
ABS_CARD_INFO,426,404,107265940,107265900
EIP_RAM,427,405,107350412,107350372
PackLiftMenu,428,0,107369952,107369912
PackLiftControl,429,406,107372028,107371988
PackLiftConfig,430,407,107431896,107431856
PackLiftStates,431,408,107499828,107499788
RemoteAuthCfg,432,409,107509588,107509548
RemoteAuthMsg,433,410,107517944,107517904
InchStore,434,411,107577080,107577040
InchStoreStates,435,412,107603036,107602996
PeDisplay,436,413,107611644,107611604
PeList,437,414,107641304,107641264
DCMSensePop,438,415,107671416,107671376
WCSEvents,439,416,107676888,107676848
MenuPad,440,417,107832484,107832444
SrtMsgUtil,441,0,107849900,107849860
SorterUtil,442,0,107858568,107858528
SimScanUtil,443,0,107867236,107867196
XfrMsgUtil,444,0,107870548,107870508
TransferUtil,445,0,107879216,107879176
TriggerUtil,446,0,107884588,107884548
AdminUtil,447,0,107887488,107887448
HbMsgUtil,448,0,107892036,107891996
CommUtil,449,0,107896584,107896544
ScanUtil,450,0,107904840,107904800
CombinerUtil,451,0,107907328,107907288
MergeUtil,452,0,107908992,107908952
GapUtil,453,0,107912716,107912676
IOMsgUtil,454,0,107917264,107917224
VoltRange,455,418,107922224,107922184
AnalogOutputs,456,419,107928144,107928104
IOConfigGUIs,457,0,107955056,107955016
IOUtil,458,0,107957956,107957916
ZipperMenu,459,0,107965800,107965760
ResetUtil,460,0,107969524,107969484
HistoryUtil,461,0,107973660,107973620
ErrorUtil,462,0,107976972,107976932
SimulationUtil,463,0,107980284,107980244
FlagUtil,464,0,107983184,107983144
StatisticsUtil,465,0,107985672,107985632
StartStopUtil,466,0,107987748,107987708
StandardUtil,467,0,107990648,107990608
DestStatus,468,0,108006732,108006692
DsmArea,469,420,108009220,108009180
DsmDest,470,421,108062672,108062632
DsmMsg,471,422,108116552,108116512
DsmStatus,472,423,108226848,108226808
FPLiteConfig,473,424,108238332,108238292
FPLiteAlgPop,474,425,108240584,108240544
FPLite_DCM_Config,475,426,108246056,108246016
HostDataImport,476,427,108289308,108289268
OperatorMenu,477,0,108422252,108422212
XfrPNAMenu,478,0,108428036,108427996
MaintXfr,479,0,108429700,108429660
MaintMenu,480,0,108431364,108431324
AdminMenu,481,0,108439208,108439168
WizardMenu,482,0,108441696,108441656
ZoomFontMenu,483,0,108447480,108447440
ConfigMenu,484,0,108450380,108450340
CapacityBoss,485,428,108462344,108462304
CapacityGapCtrl,486,429,108500644,108500604
CapacityIO,487,430,108549648,108549608
MissingPin,488,431,108590892,108590852
TransIOSummary,489,432,108699324,108699284
TransIOCount,490,433,108703256,108703216
HelpMenu,491,0,108753500,108753460
ScannerStatMachines,492,434,108755164,108755124
CountUtil,493,0,108771188,108771148
FPLiteUtil,494,0,108772852,108772812
ApplType,495,435,108775340,108775300
NoPrintersPop,496,436,108781708,108781668
AssignType,497,437,108786732,108786692
CancelTmpTypes,498,438,108791980,108791940
HeightWidth,499,439,108799468,108799428
LabelNums,500,440,108830804,108830764
LabelStatTyp,501,441,108836052,108836012
LabelTemplates,502,442,108844660,108844620
LabelType,503,443,110144712,110144672
LabelVerTyp,504,444,110153320,110153280
LoadType,505,445,110161928,110161888
PAPrinterScanAssign,506,446,110167176,110167136
PAScannerBoss,507,447,110184592,110184552
PaStatusMsgs,508,448,110217476,110217436
PrintApplyLine,509,449,110260956,110260916
PrintApplyScrn,510,450,110308192,110308152
PrintApplySrtrLn,511,451,110375368,110375328
PrintBelt,512,452,110394788,110394748
PrinterBoss,513,453,110410560,110410520
PrinterUpdPnts,514,454,110462668,110462628
PrinterErrConfig,515,455,110492120,110492080
PASimBoss,516,456,110536140,110536100
PASimCartons,517,457,110568648,110568608
PASimScans,518,458,110607248,110607208
PASimWaveScans1,519,459,110758308,110758268
PASimWaveScans2,520,460,112120816,112120776
PASimWaveScans3,521,461,113483324,113483284
PASimWaveScans4,522,462,114845832,114845792
PASimWaveScans5,523,463,116208340,116208300
SimScanTypes,524,464,117570848,117570808
SimAutoScanTypes,525,465,117577216,117577176
PASimLabels,526,466,117583584,117583544
PASimTrkTable1,527,467,118896320,118896280
PNASimScrn,528,468,119251980,119251940
PNAStatusDisplayScreen,529,469,119268832,119268792
MsgWSD1,530,470,119393892,119393852
MsgWSD2,531,471,120181388,120181348
MsgWSD3,532,472,120968884,120968844
MsgWSD4,533,473,121756380,121756340
MsgWSD5,534,474,122543876,122543836
MsgWSD6,535,475,123331372,123331332
MsgWSD7,536,476,124118868,124118828
MsgWSD8,537,477,124906364,124906324
MsgWSD9,538,478,125693860,125693820
ProjectFlags,539,479,126481356,126481316
PStConvertTable,540,480,126535396,126535356
RndRobinLast,541,481,126547952,126547912
LineRndRobinLast,542,482,126555392,126555352
ScanConfig,543,483,126558252,126558212
ScanInfo,544,484,126563500,126563460
ScanTypes,545,485,126855992,126855952
SendLVM,546,486,126863480,126863440
RcvLabels1,547,487,126868728,126868688
RcvLabels2,548,488,127308724,127308684
RcvLabels3,549,489,127748720,127748680
RcvLabels4,550,490,128188716,128188676
RcvLabels5,551,491,128628712,128628672
SndLabelQue1,552,492,129068708,129068668
SndLabelQue2,553,493,129393592,129393552
SndLabelQue3,554,494,129718476,129718436
SndLabelQue4,555,495,130043360,130043320
SndLabelQue5,556,496,130368244,130368204
SendTstLabels,557,497,130693128,130693088
SendTstPRM,558,498,131139312,131139272
SendType,559,499,131158096,131158056
SensorType,560,500,131163568,131163528
SpdControl,561,501,131169936,131169896
SrtInitNaList,562,502,131206556,131206516
Startreq,563,0,131221288,131221248
StatusMsgs,564,503,131225012,131224972
SystStat,565,504,131268492,131268452
TampStatus,566,505,131274860,131274820
TestCnfgPrt,567,506,131283468,131283428
TestConfig,568,507,131305720,131305680
TestModes,569,508,131343320,131343280
UpdIOTypes,570,509,131349688,131349648
UpdPntTypes,571,510,131354936,131354896
VerifyType,572,511,131362424,131362384
MsgCPN,573,512,131367672,131367632
MsgLRM,574,513,132660688,132660648
MsgLVM,575,514,133953704,133953664
MsgPaTST,576,515,135246720,135246680
MsgTRM,577,516,135510496,135510456
PnAScanDevice,578,517,136803512,136803472
DSRConfig,579,518,136858900,136858860
PMSensePop,580,519,136890320,136890280
PMCompTypePop,581,520,136895792,136895752
PMEmailPop,582,521,136901264,136901224
PMEvents,583,522,136913904,136913864
PMRequests,584,523,136961196,136961156
PMIOTable,585,524,137003620,137003580
PMIOAssign,586,525,137017784,137017744
PMReport,587,526,137031412,137031372
ConfigPromisScrn,588,527,137053664,137053624
ConfigXfgScrn,589,528,137084704,137084664
XfrCnfgState,590,529,137134356,137134316
XfrBossState,591,530,137143860,137143820
XfrSensePop,592,531,137149780,137149740
XfrTransitionPop,593,532,137155252,137155212
XfrTmrSnsePop,594,533,137160052,137160012
XfrTmrActnPop,595,534,137165076,137165036
XfrActionPop,596,535,137170100,137170060
XfrOutStatePop,597,536,137176468,137176428
XfrParamPop,598,537,137181492,137181452
XfrDCMTypePop,599,538,137186964,137186924
XfrSerialPop,600,539,137193332,137193292
XfrDCMTrigPop,601,540,137198356,137198316
XfrPrmTpPop,602,541,137203380,137203340
XfrCfgInput,603,542,137208404,137208364
XfrCfgOutput,604,543,138629296,138629256
XfrCfgInTimer,605,544,138763484,138763444
XfrCfgDelayTmr,606,545,138867864,138867824
XfrParamConfig,607,546,138970948,138970908
XfrErrConfig,608,547,139094396,139094356
XfrTrig,609,548,139153884,139153844
XfrSndMsg,610,549,139188856,139188816
XfrConfig,611,550,139238600,139238560
XfrCheckSet,612,551,139401024,139400984
CheckSetGroups,613,552,140570012,140569972
XfrGoSet,614,553,140576604,140576564
XfrTree,615,554,140677096,140677056
XfrBoss,616,555,140827856,140827816
XfrPalletMaint,617,556,141105072,141105032
XfrCfgPnAOutput,618,557,141711436,141711396
XfrCfgPnAInput,619,558,141736904,141736864
XfrPrintAction,620,559,141776308,141776268
XfrPrintCond,621,560,141781332,141781292
XfrPnAUpdates,622,561,141786356,141786316
PartPfgScrn,623,562,141810752,141810712
TimerTfgScrn,624,563,141841504,141841464
SorterSfgScrn,625,564,141857704,141857664
XfrStepTypes,626,565,141885596,141885556
XfrValTypes,627,566,141892188,141892148
XfrWizardSteps,628,567,141903036,141902996
XfrUpdateParts,629,568,142199416,142199376
SrtrStepTypes,630,569,142213968,142213928
SrtrValTypes,631,570,142220560,142220520
SrtrSideTypes,632,571,142231408,142231368
SrtrWizardSteps,633,572,142236432,142236392
SrtrUpdateParts,634,573,143222108,143222068
AccumType,635,574,143239660,143239620
AccumState,636,575,143246028,143245988
AccumArea,637,576,143252396,143252356
AccumZone,638,577,143270088,143270048
CartonCounter,639,578,143323844,143323804
AccumMiscMenu,640,0,143388028,143387988
MiscAccumTest,641,0,143390928,143390888
CCMTest,642,579,143392180,143392140
BoxTypePop,643,580,143402512,143402472
BoxSizeTbl,644,581,143408880,143408840
NewXfrMenu,645,0,143443500,143443460
XfrSimScanUtil,646,0,143454640,143454600
PMMiscMenu,647,0,143457952,143457912
PrintApplyUtil,648,0,143461676,143461636
PrintApplyFallback,649,582,143474052,143474012
Mainmenu,650,0,143518640,143518600
XfrPNAMonitorScreen,651,583,143522776,143522736
XfrPNAMonitorConfig,652,584,143564028,143563988
BeaconSimConfig,653,585,143604988,143604948
CommCmScrn,654,586,143637176,143637136
ScanScScrn,655,587,143694928,143694888
SPStatusScrn,656,588,143771880,143771840
DuplicateRows,657,589,143794532,143794492
TestColTypes,658,590,143847676,143847636
FindPartList,659,591,143889416,143889376
FindPartScrn,660,592,143943908,143943868
TestPopUps,661,593,143952260,143952220
SendRecList,662,594,143973580,143973540
DistributedMenus,663,595,144034344,144034304
Type33MsgQue,664,596,144068040,144068000
FPLiteOReilly,665,0,144147808,144147768
FPLORLane,666,597,144151944,144151904
FPLORLnOverride,667,598,144260508,144260468
FPLORException,668,599,144313208,144313168
FPLORBcdCols,669,600,144317560,144317520
FPLORBcdFmt,670,601,144322808,144322768
FPLORWaveBankConfig,671,602,144325608,144325568
FPLORWaveBankSelect,672,603,144370060,144370020
CntTrigType,673,604,144372312,144372272
CounterInfo,674,605,144379576,144379536
CounterTrigger,675,606,144487976,144487936
EIPCSV,676,607,144546948,144546908
EIPAdapters,677,608,145244944,145244904
EIPModuleType,678,609,145291904,145291864
EIPModules,679,610,145901976,145901936
EIPStatusScrn,680,611,151364800,151364760
EipDuplRows,681,612,151394252,151394212
OpmCSV,682,613,151447396,151447356
OpmAdapters,683,614,152150384,152150344
OpmModuleType,684,615,152258520,152258480
OpmModules,685,616,152397800,152397760
OpmStatusScrn,686,617,153138228,153138188
OpmDuplRows,687,618,153167680,153167640
MergeSelection,688,619,153220824,153220784
,689,0,-1074790400,-1074790440
,690,0,-1074790400,-1074790440
,691,0,-1074790400,-1074790440
,692,0,-1074790400,-1074790440
,693,0,-1074790400,-1074790440
,694,0,-1074790400,-1074790440
,695,0,-1074790400,-1074790440
,696,0,-1074790400,-1074790440
,697,0,-1074790400,-1074790440
,698,0,-1074790400,-1074790440
,699,0,-1074790400,-1074790440
,700,0,-1074790400,-1074790440
,701,0,-1074790400,-1074790440
,702,0,-1074790400,-1074790440
,703,0,-1074790400,-1074790440
,704,0,-1074790400,-1074790440
,705,0,-1074790400,-1074790440
,706,0,-1074790400,-1074790440
,707,0,-1074790400,-1074790440
,708,0,-1074790400,-1074790440
,709,0,-1074790400,-1074790440
,710,0,-1074790400,-1074790440
,711,0,-1074790400,-1074790440
,712,0,-1074790400,-1074790440
,713,0,-1074790400,-1074790440
