None,0,0,426264,426224
AccumTypes,1,1,427516,427476
Accumulator,2,2,436700,436660
Action,3,3,509556,509516
Acttypes,4,4,568156,568116
Animate,5,5,577884,577844
AsciiMnu,6,6,2231744,2231704
AudioMd,7,7,2420424,2420384
AutoSend,8,8,2425672,2425632
Intervaltype,9,9,2429604,2429564
DayIncrt,10,10,2435972,2435932
LogTypes,11,11,2442340,2442300
LogFiles,12,12,2448708,2448668
LogLevel,13,13,2467992,2467952
ProcType,14,14,2483320,2483280
FuncTble,15,15,2490224,2490184
Connect,16,16,2523024,2522984
Protocol,17,17,2533936,2533896
Machine,18,18,2547248,2547208
Batches,19,19,2844516,2844476
BeaconMenu,20,0,2891648,2891608
BeaconInfo,21,20,2894548,2894508
BeaconPattern,22,21,3089136,3089096
BeaconTrigger,23,22,3108104,3108064
BuildBoss,24,23,3489564,3489524
BuildCfg,25,24,3535084,3535044
BuildFmt,26,25,3591860,3591820
BuildParseSub,27,0,3629892,3629852
BuildTest,28,26,3633204,3633164
CState,29,27,3651472,3651432
CTRLDT,30,28,3656476,3656436
ChainOiler,31,29,3670512,3670472
ChartMenu,32,30,3683844,3683804
ChartType,33,31,3707340,3707300
CircMenu,34,32,3713708,3713668
Colors,35,33,3724364,3724324
ColorsGUI,36,34,3790632,3790592
Colorset,37,35,3853852,3853812
ColumnScheme,38,36,3864188,3864148
CombBoss,39,37,3895292,3895252
CombLane,40,38,3905412,3905372
Combos,41,39,3927060,3927020
Configio,42,40,3950740,3950700
Confirm,43,0,4065428,4065388
Convclr,44,41,4067504,4067464
Conveyor,45,42,4077840,4077800
Convpath,46,43,16416420,16416380
Counters,47,44,16452284,16452244
DataSets,48,45,16467772,16467732
DataUtil,49,0,16477356,16477316
Dayweek,50,46,16479020,16478980
DbHistConfig,51,47,16484716,16484676
DbHistData,52,48,17457232,17457192
EmEventTypes,53,49,17490696,17490656
EStop,54,50,17528424,17528384
Encoders,55,51,17591544,17591504
EnergyMenu,56,0,17614796,17614756
EnergyTrigger,57,52,17617696,17617656
EnergyZone,58,53,17649600,17649560
Error_Log,59,54,17670748,17670708
ErrorAnalysis,60,55,17693632,17693592
ErrorCustom1,61,56,17714096,17714056
ErrorCustom2,62,57,17736660,17736620
ErrorStatus,63,58,17759224,17759184
ErrorStatusLog,64,59,19761772,19761732
Errors,65,60,22256012,22255972
Errsever,66,61,23051944,23051904
Errsugt,67,62,23063460,23063420
wcsSeverity,68,63,23089988,23089948
wcsAlarm,69,64,23096356,23096316
EventLog,70,65,23104964,23104924
EventTypes,71,66,23129156,23129116
FAILSAFE,72,67,23138340,23138300
FORTNADT,73,68,23143880,23143840
FastIO,74,69,23336892,23336852
Fcommand,75,70,23346476,23346436
Formats,76,71,23357964,23357924
Fulljam,77,72,23364332,23364292
Fullline,78,73,23436980,23436940
GUIDT,79,74,23541324,23541284
GapCfg,80,75,23555360,23555320
Gobackm,81,76,23569728,23569688
GpxBelt,82,77,23574868,23574828
GraphMenu,83,78,23595764,23595724
Groups,84,79,23605524,23605484
HSPusher,85,80,23660780,23660740
HistBoss,86,81,23674120,23674080
HistConfig,87,82,23683232,23683192
HistData,88,83,23978800,23978760
HistNumDays,89,84,25201808,25201768
HistType,90,85,25208176,25208136
Hlpmenu,91,86,25214544,25214504
HouseKeep,92,87,25285872,25285832
interfac,93,88,25394008,25393968
IOCard,94,89,25403064,25403024
IOCardModConfig,95,90,25521520,25521480
IOCardResp,96,91,25547192,25547152
IOCardStatus,97,92,25564440,25564400
IORangeColor,98,93,25650232,25650192
IOSearch,99,94,25660568,25660528
Inducts,100,95,25670904,25670864
Inpoints,101,96,25685772,25685732
Jamcheck,102,97,25710172,25710132
Jamzones,103,98,25894584,25894544
KTX_CONTROL,104,99,25931864,25931824
KTX_FLAGS,105,100,25941616,25941576
KTX_Machine,106,101,25951940,25951900
KTX_OUTPORT,107,102,25961700,25961660
KTX_RAM,108,103,25966000,25965960
KTX_RIO_ADAPTERS,109,104,25985540,25985500
KTX_RIO_SCANLIST,110,105,26062992,26062952
KTX_RIO_STATUS,111,106,26082208,26082168
KTX_TNS,112,107,26088500,26088460
KTX_TYPES,113,108,26104728,26104688
KeyDefine,114,109,26111096,26111056
KeyStrokes,115,110,26165208,26165168
KeyTypes,116,111,26171332,26171292
LaneType,117,112,26177700,26177660
Layerset,118,113,26184068,26184028
Layerson,119,114,26192676,26192636
LiftGatesCtrl,120,115,26206600,26206560
LineType,121,116,26226800,26226760
LogCtrl,122,117,26233168,26233128
LogRamBoss,123,118,26883644,26883604
LogServ,124,119,26898604,26898564
LogSrv1,125,120,27549080,27549040
LogSrv2,126,121,28199556,28199516
LogSort,127,122,28850032,28849992
LogStatus,128,123,29500508,29500468
Logic,129,124,29505980,29505940
MenuColumn,130,125,33215232,33215192
MenuFilter,131,126,33287644,33287604
MenuMenu,132,127,33305852,33305812
MenuScheme,133,128,33555772,33555732
MergeActionPop,134,129,33589708,33589668
MergeState,135,130,33605036,33604996
MergeBoss,136,131,33620364,33620324
MergeExtras,137,132,33636756,33636716
MergeInputs,138,133,33648484,33648444
MergeNotBusy,139,134,33675292,33675252
MergeRoute,140,135,33687372,33687332
MergeRunOutputs,141,136,33698752,33698712
MergeStopOutputs,142,137,33707908,33707868
Merges,143,138,33717064,33717024
MessageList,144,139,33756316,33756276
MsgMap,145,140,33800948,33800908
MsgTrack,146,141,33870336,33870296
Mtrchain,147,142,33894228,33894188
NewGapper,148,143,34048288,34048248
NewGapperStates,149,144,34071164,34071124
NewGapperModes,150,145,34079772,34079732
NewMerge,151,0,34084572,34084532
Operator,152,146,34087884,34087844
Outducts,153,147,34108812,34108772
Outpoints,154,148,34123144,34123104
Parameters,155,149,34286056,34286016
ParseBoss,156,150,34295104,34295064
ParseCfg,157,151,34341776,34341736
ParseTest,158,152,34399128,34399088
Pathsets,159,153,34416820,34416780
PhCfg,160,154,34435936,34435896
PhHistory,161,155,34453352,34453312
PhMap,162,156,34455756,34455716
PhPos,163,157,34468316,34468276
PhSearch,164,158,34479228,34479188
PhView,165,159,34491292,34491252
PowerSupply,166,160,34505660,34505620
PrintMenu,167,161,34641756,34641716
PrintType,168,162,34669684,34669644
ProcInfo,169,163,34676052,34676012
Product,170,164,34693744,34693704
RateCount,171,165,34707004,34706964
RatePrint,172,166,34726928,34726888
ReadStat,173,167,34744176,34744136
Recorder,174,168,34750544,34750504
Recrdtyp,175,169,34768704,34768664
RecvStat,176,170,34778432,34778392
RequestList,177,171,34784800,34784760
Resptyp,178,172,34802180,34802140
SERVDT,179,173,34814148,34814108
SRV1DT,180,174,34828184,34828144
SRV2DT,181,175,34842220,34842180
SawLane,182,176,34856256,34856216
SawMenu,183,0,34924132,34924092
SawMerge,184,177,34926208,34926168
SawResvMode,185,178,34944292,34944252
SawState,186,179,34950660,34950620
HSSawMerge,187,180,34957028,34956988
HSSawState,188,181,34976016,34975976
HSSawLane,189,182,34982384,34982344
HSParmType,190,183,35062056,35062016
HSParmSpd,191,184,35068424,35068384
HSSawParm,192,185,35073448,35073408
HSSawSim,193,186,35112596,35112556
HSSawMenu,194,0,35148264,35148224
ScaleType,195,187,35150752,35150712
ScanViews,196,188,35157120,35157080
Scanners,197,189,35390620,35390580
ScreenCapture,198,190,35407412,35407372
SendStat,199,191,35420352,35420312
ShiftRept,200,192,35426720,35426680
ShifterTest,201,193,35704304,35704264
SignalTyp,202,194,35715540,35715500
SimpleMerge,203,195,35728628,35728588
Simsets,204,196,35744912,35744872
SortBuff,205,197,35765112,35765072
SortData,206,198,36059572,36059532
Sorters,207,199,37349236,37349196
StartStopZones,208,200,37384464,37384424
State,209,201,37396528,37396488
StateType,210,202,37569252,37569212
TIMElist,211,203,37575620,37575580
TState,212,204,37593720,37593680
Today,213,205,37640444,37640404
TrainStates,214,206,37646520,37646480
Trigrset,215,207,37661848,37661808
Trigrtyp,216,208,37941144,37941104
TrilogySets,217,209,37953112,37953072
UPSMenu,218,210,37961624,37961584
UPSType,219,211,37997276,37997236
Updates,220,212,38003644,38003604
WasCState,221,213,38041944,38041904
WasState,222,214,38046948,38046908
WasTState,223,215,38219672,38219632
WatchActs,224,216,38266396,38266356
WatchType,225,217,38272764,38272724
Watcher,226,218,38279132,38279092
WizardAutoFill,227,219,38317220,38317180
WizardTemplate,228,220,38339512,38339472
XferActionPop,229,221,38364268,38364228
XferBoss,230,222,38379596,38379556
XferCfg,231,223,38496936,38496896
XferCheckSet,232,224,38611960,38611920
XferGoSet,233,225,38667368,38667328
XferOutTypePop,234,226,38729256,38729216
XferPattern,235,227,38744584,38744544
XferSensePop,236,228,38765480,38765440
XferStatePop,237,229,38780808,38780768
XferTree,238,230,38796136,38796096
ZoneStates,239,231,38953376,38953336
avideo,240,232,38962560,38962520
belt,241,233,38989052,38989012
contact,242,234,38996540,38996500
convdesc,243,235,39001788,39001748
convtype,244,236,39050716,39050676
ctrlprocnames,245,237,39070524,39070484
dispnames,246,238,39120748,39120708
edworld,247,239,39147276,39147236
flagmenu,248,240,39170396,39170356
flagsmnu,249,241,39220620,39220580
fontmenu,250,242,39272424,39272384
getpw,251,0,39323944,39323904
horns,252,243,39326020,39325980
inout,253,244,39338660,39338620
iomodule,254,245,39343460,39343420
iopos,255,246,39350948,39350908
iostatus,256,247,39353928,39353888
iotype,257,248,39362536,39362496
lowhigh,258,249,39368904,39368864
maininst,259,0,39373704,39373664
newflags,260,250,39374956,39374916
newflagsdouble,261,251,39425180,39425140
offsetc,262,0,39476248,39476208
partnum,263,252,39477500,39477460
partpopup,264,0,39548828,39548788
password,265,253,39550492,39550452
procnames,266,254,39570856,39570816
scanstat,267,255,39621080,39621040
selconv,268,0,39664012,39663972
simelaps,269,256,39665264,39665224
sqlquery,270,257,39669616,39669576
timemenu,271,258,39756392,39756352
IOAction,272,259,40544472,40544432
ChainStretch,273,260,40550840,40550800
ZipperLane,274,261,40576596,40576556
ZipperMerge,275,262,40659392,40659352
ZipperErrLog,276,263,40688276,40688236
ZprAccumState,277,264,40723312,40723272
ZprGapType,278,265,40729680,40729640
ZprGapperZone,279,266,40736048,40736008
ZprIOAction,280,267,40757196,40757156
ZprLaneState,281,268,40763564,40763524
ZprMergeType,282,269,40769932,40769892
ZprSimConfig,283,270,40776300,40776260
ZprStatusMsgs,284,271,40794756,40794716
ZprTickGapper,285,272,40838236,40838196
ZprZoneType,286,273,40858232,40858192
ServoGapper,287,274,40864600,40864560
GapOptState,288,275,40898712,40898672
ServoGapOpt,289,276,40905080,40905040
GapOptSim,290,277,40939872,40939832
GapOptMenu,291,0,40962588,40962548
XfRouteBoss,292,278,40964664,40964624
XfRouteTable,293,279,41072012,41071972
XfSimConfig,294,280,41100944,41100904
XfrSimScans1,295,281,41129916,41129876
XfrSimScans2,296,282,41811796,41811756
XfrSimScans3,297,283,42493676,42493636
XfrSimScans4,298,284,43175556,43175516
XfrSimScans5,299,285,43857436,43857396
ErrConfig,300,286,44539316,44539276
SrtAppControl,301,287,44544564,44544524
SrtBadGapCnfg,302,288,44587268,44587228
SrtLaneNotAvail,303,289,44598576,44598536
SrtRndRobin,304,290,44624528,44624488
SrtScanBoss,305,291,44639228,44639188
SrtScanSts,306,292,44686376,44686336
SrtZoneLane,307,293,44693864,44693824
SrtHrtBeat,308,294,44930784,44930744
SortSimScans1,309,295,44961052,44961012
SortSimScans2,310,296,45642932,45642892
SortSimScans3,311,297,46324812,46324772
SortSimScans4,312,298,47006692,47006652
SortSimScans5,313,299,47688572,47688532
SrtSimConfig,314,300,48370452,48370412
ScnDeviceErrIO,315,301,48408064,48408024
ScnDvErrType,316,302,48555492,48555452
ScnFieldType,317,303,48561860,48561820
ScnScanDevice,318,304,48576068,48576028
ScnScanTypes,319,305,48631496,48631456
ScnScanSts,320,306,48651304,48651264
ScnScanAlg,321,307,48658792,48658752
ScnScanZone,322,308,48678600,48678560
ScnZnErrType,323,309,48764356,48764316
ScnZoneErrIO,324,310,48770724,48770684
XfrTrack,325,311,48918152,48918112
XfrDevice,326,312,49874124,49874084
SrtTrack1,327,313,49930408,49930368
SrtTrack2,328,314,50831348,50831308
SrtTrack3,329,315,51732288,51732248
SrtTrack4,330,316,52633228,52633188
SrtTrack5,331,317,53534168,53534128
SrtDevice1,332,318,54435108,54435068
SrtDevice2,333,319,54491392,54491352
SrtDevice3,334,320,54547676,54547636
SrtDevice4,335,321,54603960,54603920
SrtDevice5,336,322,54660244,54660204
PrtTrkTable1,337,323,54716528,54716488
PrtTrkTable2,338,324,55620156,55620116
PrtTrkTable3,339,325,56523784,56523744
PrtTrkTable4,340,326,57427412,57427372
PrtTrkTable5,341,327,58331040,58331000
PrtTrkErrTbl1,342,328,59234668,59234628
PrtTrkErrTbl2,343,329,59341504,59341464
PrtTrkErrTbl3,344,330,59448340,59448300
PrtTrkErrTbl4,345,331,59555176,59555136
PrtTrkErrTbl5,346,332,59662012,59661972
SendTstCRR,347,333,59768848,59768808
SendIOStatus,348,334,59895728,59895688
MsgCR1,349,335,59936064,59936024
MsgCR2,350,336,60281696,60281656
MsgCR3,351,337,60627328,60627288
MsgCR4,352,338,60972960,60972920
MsgCR5,353,339,61318592,61318552
MsgCR6,354,340,61664224,61664184
MsgCR7,355,341,62009856,62009816
MsgCR8,356,342,62355488,62355448
MsgCR9,357,343,62701120,62701080
MsgDC1,358,344,63046752,63046712
MsgDC2,359,345,63392384,63392344
MsgDC3,360,346,63738016,63737976
MsgDC4,361,347,64083648,64083608
MsgDC5,362,348,64429280,64429240
MsgDC6,363,349,64774912,64774872
MsgDC7,364,350,65120544,65120504
MsgDC8,365,351,65466176,65466136
MsgDC9,366,352,65811808,65811768
MsgXR1,367,353,66157440,66157400
MsgXR2,368,354,67854872,67854832
MsgXR3,369,355,69552304,69552264
MsgXR4,370,356,71249736,71249696
MsgXR5,371,357,72947168,72947128
MsgXR6,372,358,74644600,74644560
MsgXR7,373,359,76342032,76341992
MsgXR8,374,360,78039464,78039424
MsgXR9,375,361,79736896,79736856
MsgXDC1,376,362,81434328,81434288
MsgXDC2,377,363,83131760,83131720
MsgXDC3,378,364,84829192,84829152
MsgXDC4,379,365,86526624,86526584
MsgXDC5,380,366,88224056,88224016
MsgXDC6,381,367,89921488,89921448
MsgXDC7,382,368,91618920,91618880
MsgXDC8,383,369,93316352,93316312
MsgXDC9,384,370,95013784,95013744
MsgGP1,385,371,96711216,96711176
MsgGP2,386,372,97056848,97056808
MsgGP3,387,373,97402480,97402440
MsgGP4,388,374,97748112,97748072
MsgGP5,389,375,98093744,98093704
MsgGP6,390,376,98589576,98589536
MsgGP7,391,377,98935208,98935168
MsgGP8,392,378,99280840,99280800
MsgGP9,393,379,99626472,99626432
MsgTST,394,380,99972104,99972064
MsgWCS,395,381,100317736,100317696
MsgNMS,396,382,106861352,106861312
SrtCommMsgMatch,397,383,106966008,106965968
ConfigHistScrn,398,384,106984216,106984176
RndRobinUtil,399,0,107008068,107008028
PrintApplySim,400,0,107009732,107009692
SimWaveDataUtil,401,0,107013868,107013828
WaveDataMsgUtil,402,0,107016768,107016728
SrtTrkUtil,403,0,107021316,107021276
PrtTrkUtil,404,0,107026276,107026236
SndTrkUtil,405,0,107031236,107031196
RcvTrkUtil,406,0,107034136,107034096
InputData1,407,385,107037036,107036996
InputData2,408,386,107038904,107038864
InputData3,409,387,107040772,107040732
InputData4,410,388,107042640,107042600
InputData5,411,389,107044508,107044468
OutputData1,412,390,107046376,107046336
OutputData2,413,391,107048244,107048204
OutputData3,414,392,107050112,107050072
OutputData4,415,393,107051980,107051940
OutputData5,416,394,107053848,107053808
CombinedJamZones,417,395,107055716,107055676
CombinedEnableBits,418,396,107075220,107075180
TextFontZoom,419,397,107104436,107104396
ViewFontZoom,420,398,107113268,107113228
ButtonFontZoom,421,399,107122100,107122060
FieldFontZoom,422,400,107130932,107130892
HelpFontZoom,423,401,107139764,107139724
TimedIO,424,402,107148596,107148556
ABS_EIP_ADAPTERS,425,403,107182292,107182252
ABS_CARD_INFO,426,404,107259744,107259704
EIP_RAM,427,405,107344216,107344176
PackLiftMenu,428,0,107363756,107363716
PackLiftControl,429,406,107365832,107365792
PackLiftConfig,430,407,107425700,107425660
PackLiftStates,431,408,107493632,107493592
RemoteAuthCfg,432,409,107503392,107503352
RemoteAuthMsg,433,410,107511748,107511708
InchStore,434,411,107570884,107570844
InchStoreStates,435,412,107596840,107596800
PeDisplay,436,413,107605448,107605408
PeList,437,414,107635108,107635068
DCMSensePop,438,415,107665220,107665180
WCSEvents,439,416,107670692,107670652
MenuPad,440,417,107826288,107826248
SrtMsgUtil,441,0,107843704,107843664
SorterUtil,442,0,107852372,107852332
SimScanUtil,443,0,107861040,107861000
XfrMsgUtil,444,0,107864352,107864312
TransferUtil,445,0,107873020,107872980
TriggerUtil,446,0,107878392,107878352
AdminUtil,447,0,107881292,107881252
HbMsgUtil,448,0,107885840,107885800
CommUtil,449,0,107890388,107890348
ScanUtil,450,0,107898644,107898604
CombinerUtil,451,0,107901132,107901092
MergeUtil,452,0,107902796,107902756
GapUtil,453,0,107906520,107906480
IOMsgUtil,454,0,107911068,107911028
VoltRange,455,418,107916028,107915988
AnalogOutputs,456,419,107921948,107921908
IOConfigGUIs,457,0,107948860,107948820
IOUtil,458,0,107951760,107951720
ZipperMenu,459,0,107959604,107959564
ResetUtil,460,0,107963328,107963288
HistoryUtil,461,0,107967464,107967424
ErrorUtil,462,0,107970776,107970736
SimulationUtil,463,0,107974088,107974048
FlagUtil,464,0,107976988,107976948
StatisticsUtil,465,0,107979476,107979436
StartStopUtil,466,0,107981552,107981512
StandardUtil,467,0,107984452,107984412
DestStatus,468,0,108000536,108000496
DsmArea,469,420,108003024,108002984
DsmDest,470,421,108056476,108056436
DsmMsg,471,422,108110356,108110316
DsmStatus,472,423,108220652,108220612
FPLiteConfig,473,424,108232136,108232096
FPLiteAlgPop,474,425,108234388,108234348
FPLite_DCM_Config,475,426,108239860,108239820
HostDataImport,476,427,108283112,108283072
OperatorMenu,477,0,108416056,108416016
XfrPNAMenu,478,0,108421840,108421800
MaintXfr,479,0,108423504,108423464
MaintMenu,480,0,108425168,108425128
AdminMenu,481,0,108433012,108432972
WizardMenu,482,0,108435500,108435460
ZoomFontMenu,483,0,108441284,108441244
ConfigMenu,484,0,108444184,108444144
CapacityBoss,485,428,108456148,108456108
CapacityGapCtrl,486,429,108494448,108494408
CapacityIO,487,430,108543452,108543412
MissingPin,488,431,108584696,108584656
TransIOSummary,489,432,108693128,108693088
TransIOCount,490,433,108697060,108697020
HelpMenu,491,0,108747304,108747264
ScannerStatMachines,492,434,108748968,108748928
CountUtil,493,0,108764992,108764952
FPLiteUtil,494,0,108766656,108766616
ApplType,495,435,108769144,108769104
NoPrintersPop,496,436,108775512,108775472
AssignType,497,437,108780536,108780496
CancelTmpTypes,498,438,108785784,108785744
HeightWidth,499,439,108793272,108793232
LabelNums,500,440,108824608,108824568
LabelStatTyp,501,441,108829856,108829816
LabelTemplates,502,442,108838464,108838424
LabelType,503,443,110138516,110138476
LabelVerTyp,504,444,110147124,110147084
LoadType,505,445,110155732,110155692
PAPrinterScanAssign,506,446,110160980,110160940
PAScannerBoss,507,447,110178396,110178356
PaStatusMsgs,508,448,110211280,110211240
PrintApplyLine,509,449,110254760,110254720
PrintApplyScrn,510,450,110301996,110301956
PrintApplySrtrLn,511,451,110369172,110369132
PrintBelt,512,452,110388592,110388552
PrinterBoss,513,453,110404364,110404324
PrinterUpdPnts,514,454,110456472,110456432
PrinterErrConfig,515,455,110485924,110485884
PASimBoss,516,456,110529944,110529904
PASimCartons,517,457,110562452,110562412
PASimScans,518,458,110601052,110601012
PASimWaveScans1,519,459,110752112,110752072
PASimWaveScans2,520,460,112114620,112114580
PASimWaveScans3,521,461,113477128,113477088
PASimWaveScans4,522,462,114839636,114839596
PASimWaveScans5,523,463,116202144,116202104
SimScanTypes,524,464,117564652,117564612
SimAutoScanTypes,525,465,117571020,117570980
PASimLabels,526,466,117577388,117577348
PASimTrkTable1,527,467,118890124,118890084
PNASimScrn,528,468,119245784,119245744
PNAStatusDisplayScreen,529,469,119262636,119262596
MsgWSD1,530,470,119387696,119387656
MsgWSD2,531,471,120175192,120175152
MsgWSD3,532,472,120962688,120962648
MsgWSD4,533,473,121750184,121750144
MsgWSD5,534,474,122537680,122537640
MsgWSD6,535,475,123325176,123325136
MsgWSD7,536,476,124112672,124112632
MsgWSD8,537,477,124900168,124900128
MsgWSD9,538,478,125687664,125687624
ProjectFlags,539,479,126475160,126475120
PStConvertTable,540,480,126529200,126529160
RndRobinLast,541,481,126541756,126541716
LineRndRobinLast,542,482,126549196,126549156
ScanConfig,543,483,126552056,126552016
ScanInfo,544,484,126557304,126557264
ScanTypes,545,485,126849796,126849756
SendLVM,546,486,126857284,126857244
RcvLabels1,547,487,126862532,126862492
RcvLabels2,548,488,127302528,127302488
RcvLabels3,549,489,127742524,127742484
RcvLabels4,550,490,128182520,128182480
RcvLabels5,551,491,128622516,128622476
SndLabelQue1,552,492,129062512,129062472
SndLabelQue2,553,493,129387396,129387356
SndLabelQue3,554,494,129712280,129712240
SndLabelQue4,555,495,130037164,130037124
SndLabelQue5,556,496,130362048,130362008
SendTstLabels,557,497,130686932,130686892
SendTstPRM,558,498,131133116,131133076
SendType,559,499,131151900,131151860
SensorType,560,500,131157372,131157332
SpdControl,561,501,131163740,131163700
SrtInitNaList,562,502,131200360,131200320
Startreq,563,0,131215092,131215052
StatusMsgs,564,503,131218816,131218776
SystStat,565,504,131262296,131262256
TampStatus,566,505,131268664,131268624
TestCnfgPrt,567,506,131277272,131277232
TestConfig,568,507,131299524,131299484
TestModes,569,508,131337124,131337084
UpdIOTypes,570,509,131343492,131343452
UpdPntTypes,571,510,131348740,131348700
VerifyType,572,511,131356228,131356188
MsgCPN,573,512,131361476,131361436
MsgLRM,574,513,132654492,132654452
MsgLVM,575,514,133947508,133947468
MsgPaTST,576,515,135240524,135240484
MsgTRM,577,516,135504300,135504260
PnAScanDevice,578,517,136797316,136797276
DSRConfig,579,518,136852704,136852664
PMSensePop,580,519,136884124,136884084
PMCompTypePop,581,520,136889596,136889556
PMEmailPop,582,521,136895068,136895028
PMEvents,583,522,136907708,136907668
PMRequests,584,523,136955000,136954960
PMIOTable,585,524,136997424,136997384
PMIOAssign,586,525,137011588,137011548
PMReport,587,526,137025216,137025176
ConfigPromisScrn,588,527,137047468,137047428
ConfigXfgScrn,589,528,137078508,137078468
XfrCnfgState,590,529,137128160,137128120
XfrBossState,591,530,137137664,137137624
XfrSensePop,592,531,137143584,137143544
XfrTransitionPop,593,532,137149056,137149016
XfrTmrSnsePop,594,533,137153856,137153816
XfrTmrActnPop,595,534,137158880,137158840
XfrActionPop,596,535,137163904,137163864
XfrOutStatePop,597,536,137170272,137170232
XfrParamPop,598,537,137175296,137175256
XfrDCMTypePop,599,538,137180768,137180728
XfrSerialPop,600,539,137187136,137187096
XfrDCMTrigPop,601,540,137192160,137192120
XfrPrmTpPop,602,541,137197184,137197144
XfrCfgInput,603,542,137202208,137202168
XfrCfgOutput,604,543,138623100,138623060
XfrCfgInTimer,605,544,138757288,138757248
XfrCfgDelayTmr,606,545,138861668,138861628
XfrParamConfig,607,546,138964752,138964712
XfrErrConfig,608,547,139088200,139088160
XfrTrig,609,548,139147688,139147648
XfrSndMsg,610,549,139182660,139182620
XfrConfig,611,550,139232404,139232364
XfrCheckSet,612,551,139394828,139394788
CheckSetGroups,613,552,140563816,140563776
XfrGoSet,614,553,140570408,140570368
XfrTree,615,554,140670900,140670860
XfrBoss,616,555,140821660,140821620
XfrPalletMaint,617,556,141098876,141098836
XfrCfgPnAOutput,618,557,141705240,141705200
XfrCfgPnAInput,619,558,141730708,141730668
XfrPrintAction,620,559,141770112,141770072
XfrPrintCond,621,560,141775136,141775096
XfrPnAUpdates,622,561,141780160,141780120
PartPfgScrn,623,562,141804556,141804516
TimerTfgScrn,624,563,141835308,141835268
SorterSfgScrn,625,564,141851508,141851468
XfrStepTypes,626,565,141879400,141879360
XfrValTypes,627,566,141885992,141885952
XfrWizardSteps,628,567,141896840,141896800
XfrUpdateParts,629,568,142193220,142193180
SrtrStepTypes,630,569,142207772,142207732
SrtrValTypes,631,570,142214364,142214324
SrtrSideTypes,632,571,142225212,142225172
SrtrWizardSteps,633,572,142230236,142230196
SrtrUpdateParts,634,573,143215912,143215872
AccumType,635,574,143233464,143233424
AccumState,636,575,143239832,143239792
AccumArea,637,576,143246200,143246160
AccumZone,638,577,143263892,143263852
CartonCounter,639,578,143317648,143317608
AccumMiscMenu,640,0,143381832,143381792
MiscAccumTest,641,0,143384732,143384692
CCMTest,642,579,143385984,143385944
BoxTypePop,643,580,143396316,143396276
BoxSizeTbl,644,581,143402684,143402644
NewXfrMenu,645,0,143437304,143437264
XfrSimScanUtil,646,0,143448444,143448404
PMMiscMenu,647,0,143451756,143451716
PrintApplyUtil,648,0,143455480,143455440
PrintApplyFallback,649,582,143467856,143467816
Mainmenu,650,0,143512444,143512404
XfrPNAMonitorScreen,651,583,143516580,143516540
XfrPNAMonitorConfig,652,584,143557832,143557792
BeaconSimConfig,653,585,143598792,143598752
CommCmScrn,654,586,143630980,143630940
ScanScScrn,655,587,143688732,143688692
SPStatusScrn,656,588,143765684,143765644
DuplicateRows,657,589,143788336,143788296
TestColTypes,658,590,143841480,143841440
FindPartList,659,591,143883220,143883180
FindPartScrn,660,592,143937712,143937672
TestPopUps,661,593,143946064,143946024
SendRecList,662,594,143967384,143967344
DistributedMenus,663,595,144028148,144028108
Type33MsgQue,664,596,144061844,144061804
FPLiteOReilly,665,0,144141612,144141572
FPLORLane,666,597,144145748,144145708
FPLORLnOverride,667,598,144254312,144254272
FPLORException,668,599,144307012,144306972
FPLORBcdCols,669,600,144311364,144311324
FPLORBcdFmt,670,601,144316612,144316572
FPLORWaveBankConfig,671,602,144319412,144319372
FPLORWaveBankSelect,672,603,144363864,144363824
CntTrigType,673,604,144366116,144366076
CounterInfo,674,605,144373380,144373340
CounterTrigger,675,606,144481780,144481740
EIPCSV,676,607,144540752,144540712
EIPAdapters,677,608,145238748,145238708
EIPModuleType,678,609,145285708,145285668
EIPModules,679,610,145895780,145895740
EIPStatusScrn,680,611,151358604,151358564
EipDuplRows,681,612,151388056,151388016
OpmCSV,682,613,151441200,151441160
OpmAdapters,683,614,152144188,152144148
OpmModuleType,684,615,152252324,152252284
OpmModules,685,616,152391604,152391564
OpmStatusScrn,686,617,153132032,153131992
OpmDuplRows,687,618,153161484,153161444
MergeSelection,688,619,153214628,153214588
,689,0,-1074790400,-1074790440
,690,0,-1074790400,-1074790440
,691,0,-1074790400,-1074790440
,692,0,-1074790400,-1074790440
,693,0,-1074790400,-1074790440
,694,0,-1074790400,-1074790440
,695,0,-1074790400,-1074790440
,696,0,-1074790400,-1074790440
,697,0,-1074790400,-1074790440
,698,0,-1074790400,-1074790440
,699,0,-1074790400,-1074790440
,700,0,-1074790400,-1074790440
,701,0,-1074790400,-1074790440
,702,0,-1074790400,-1074790440
,703,0,-1074790400,-1074790440
,704,0,-1074790400,-1074790440
,705,0,-1074790400,-1074790440
,706,0,-1074790400,-1074790440
,707,0,-1074790400,-1074790440
,708,0,-1074790400,-1074790440
,709,0,-1074790400,-1074790440
,710,0,-1074790400,-1074790440
,711,0,-1074790400,-1074790440
,712,0,-1074790400,-1074790440
,713,0,-1074790400,-1074790440
