None,0,0,426264,426224
AccumTypes,1,1,427516,427476
Accumulator,2,2,436700,436660
Action,3,3,509556,509516
Acttypes,4,4,568156,568116
Animate,5,5,577884,577844
AsciiMnu,6,6,2231744,2231704
AudioMd,7,7,2420424,2420384
AutoSend,8,8,2425672,2425632
Intervaltype,9,9,2429604,2429564
DayIncrt,10,10,2435972,2435932
LogTypes,11,11,2442340,2442300
LogFiles,12,12,2448708,2448668
LogLevel,13,13,2467992,2467952
ProcType,14,14,2483320,2483280
FuncTble,15,15,2490224,2490184
Connect,16,16,2523024,2522984
Protocol,17,17,2533936,2533896
Machine,18,18,2547248,2547208
Batches,19,19,2844516,2844476
BeaconMenu,20,0,2891648,2891608
BeaconInfo,21,20,2894548,2894508
BeaconPattern,22,21,3089136,3089096
BeaconTrigger,23,22,3108104,3108064
BuildBoss,24,23,3489564,3489524
BuildCfg,25,24,3535084,3535044
BuildFmt,26,25,3591860,3591820
BuildParseSub,27,0,3629892,3629852
BuildTest,28,26,3633204,3633164
CState,29,27,3651472,3651432
CTRLDT,30,28,3656476,3656436
ChainOiler,31,29,3670512,3670472
ChartMenu,32,30,3683844,3683804
ChartType,33,31,3707340,3707300
CircMenu,34,32,3713708,3713668
Colors,35,33,3724364,3724324
ColorsGUI,36,34,3790632,3790592
Colorset,37,35,3853852,3853812
ColumnScheme,38,36,3864188,3864148
CombBoss,39,37,3895292,3895252
CombLane,40,38,3905412,3905372
Combos,41,39,3927060,3927020
Configio,42,40,3950740,3950700
Confirm,43,0,4065428,4065388
Convclr,44,41,4067504,4067464
Conveyor,45,42,4077840,4077800
Convpath,46,43,16416420,16416380
Counters,47,44,16452284,16452244
DataSets,48,45,16467772,16467732
DataUtil,49,0,16477356,16477316
Dayweek,50,46,16479020,16478980
DbHistConfig,51,47,16484716,16484676
DbHistData,52,48,17457232,17457192
EmEventTypes,53,49,17490696,17490656
EStop,54,50,17528424,17528384
Encoders,55,51,17591544,17591504
EnergyMenu,56,0,17614796,17614756
EnergyTrigger,57,52,17617696,17617656
EnergyZone,58,53,17649600,17649560
Error_Log,59,54,17670748,17670708
ErrorAnalysis,60,55,17693632,17693592
ErrorCustom1,61,56,17714096,17714056
ErrorCustom2,62,57,17736660,17736620
ErrorStatus,63,58,17759224,17759184
ErrorStatusLog,64,59,19761772,19761732
Errors,65,60,22256012,22255972
Errsever,66,61,23051944,23051904
Errsugt,67,62,23063460,23063420
wcsSeverity,68,63,23089988,23089948
wcsAlarm,69,64,23096356,23096316
EventLog,70,65,23104964,23104924
EventTypes,71,66,23129156,23129116
FAILSAFE,72,67,23138340,23138300
FORTNADT,73,68,23143880,23143840
FastIO,74,69,23336892,23336852
Fcommand,75,70,23346476,23346436
Formats,76,71,23357964,23357924
Fulljam,77,72,23364332,23364292
Fullline,78,73,23436980,23436940
GUIDT,79,74,23541324,23541284
GapCfg,80,75,23555360,23555320
Gobackm,81,76,23569728,23569688
GpxBelt,82,77,23574868,23574828
GraphMenu,83,78,23595764,23595724
Groups,84,79,23605524,23605484
HSPusher,85,80,23660780,23660740
HistBoss,86,81,23674120,23674080
HistConfig,87,82,23683232,23683192
HistData,88,83,23978800,23978760
HistNumDays,89,84,25201808,25201768
HistType,90,85,25208176,25208136
Hlpmenu,91,86,25214544,25214504
HouseKeep,92,87,25285872,25285832
interfac,93,88,25394008,25393968
IOCard,94,89,25403064,25403024
IOCardModConfig,95,90,25521520,25521480
IOCardResp,96,91,25547192,25547152
IOCardStatus,97,92,25564440,25564400
IORangeColor,98,93,25650232,25650192
IOSearch,99,94,25660568,25660528
Inducts,100,95,25670904,25670864
Inpoints,101,96,25685772,25685732
Jamcheck,102,97,25710172,25710132
Jamzones,103,98,25894584,25894544
KTX_CONTROL,104,99,25931864,25931824
KTX_FLAGS,105,100,25941616,25941576
KTX_Machine,106,101,25951940,25951900
KTX_OUTPORT,107,102,25961700,25961660
KTX_RAM,108,103,25966000,25965960
KTX_RIO_ADAPTERS,109,104,25985540,25985500
KTX_RIO_SCANLIST,110,105,26062992,26062952
KTX_RIO_STATUS,111,106,26082208,26082168
KTX_TNS,112,107,26088500,26088460
KTX_TYPES,113,108,26104728,26104688
KeyDefine,114,109,26111096,26111056
KeyStrokes,115,110,26165208,26165168
KeyTypes,116,111,26171332,26171292
LaneType,117,112,26177700,26177660
Layerset,118,113,26184068,26184028
Layerson,119,114,26192676,26192636
LiftGatesCtrl,120,115,26206600,26206560
LineType,121,116,26226800,26226760
LogCtrl,122,117,26233168,26233128
LogRamBoss,123,118,26883644,26883604
LogServ,124,119,26898604,26898564
LogSrv1,125,120,27549080,27549040
LogSrv2,126,121,28199556,28199516
LogSort,127,122,28850032,28849992
LogStatus,128,123,29500508,29500468
Logic,129,124,29505980,29505940
MenuColumn,130,125,33215232,33215192
MenuFilter,131,126,33287644,33287604
MenuMenu,132,127,33305852,33305812
MenuScheme,133,128,33555772,33555732
MergeActionPop,134,129,33589708,33589668
MergeState,135,130,33605036,33604996
MergeBoss,136,131,33620364,33620324
MergeExtras,137,132,33636756,33636716
MergeInputs,138,133,33648484,33648444
MergeNotBusy,139,134,33675292,33675252
MergeRoute,140,135,33687372,33687332
MergeRunOutputs,141,136,33698752,33698712
MergeStopOutputs,142,137,33707908,33707868
Merges,143,138,33717064,33717024
MessageList,144,139,33756316,33756276
MsgMap,145,140,33800948,33800908
MsgTrack,146,141,33870336,33870296
Mtrchain,147,142,33894228,33894188
NewGapper,148,143,34048288,34048248
NewGapperStates,149,144,34071164,34071124
NewGapperModes,150,145,34079772,34079732
NewMerge,151,0,34084572,34084532
Operator,152,146,34087884,34087844
Outducts,153,147,34108812,34108772
Outpoints,154,148,34123144,34123104
Parameters,155,149,34286056,34286016
ParseBoss,156,150,34295104,34295064
ParseCfg,157,151,34341776,34341736
ParseTest,158,152,34399128,34399088
Pathsets,159,153,34416820,34416780
PhCfg,160,154,34435936,34435896
PhHistory,161,155,34453352,34453312
PhMap,162,156,34455756,34455716
PhPos,163,157,34468316,34468276
PhSearch,164,158,34479228,34479188
PhView,165,159,34491292,34491252
PowerSupply,166,160,34505660,34505620
PrintMenu,167,161,34641756,34641716
PrintType,168,162,34669684,34669644
ProcInfo,169,163,34676052,34676012
Product,170,164,34693744,34693704
RateCount,171,165,34707004,34706964
RatePrint,172,166,34726928,34726888
ReadStat,173,167,34744176,34744136
Recorder,174,168,34750544,34750504
Recrdtyp,175,169,34768704,34768664
RecvStat,176,170,34778432,34778392
RequestList,177,171,34784800,34784760
Resptyp,178,172,34802180,34802140
SERVDT,179,173,34814148,34814108
SRV1DT,180,174,34828184,34828144
SRV2DT,181,175,34842220,34842180
SawLane,182,176,34856256,34856216
SawMenu,183,0,34924132,34924092
SawMerge,184,177,34926208,34926168
SawResvMode,185,178,34944292,34944252
SawState,186,179,34950660,34950620
HSSawMerge,187,180,34957028,34956988
HSSawState,188,181,34976016,34975976
HSSawLane,189,182,34982384,34982344
HSParmType,190,183,35062056,35062016
HSParmSpd,191,184,35068424,35068384
HSSawParm,192,185,35073448,35073408
HSSawSim,193,186,35112596,35112556
HSSawMenu,194,0,35148264,35148224
ScaleType,195,187,35150752,35150712
ScanViews,196,188,35157120,35157080
Scanners,197,189,35390620,35390580
ScreenCapture,198,190,35407412,35407372
SendStat,199,191,35420352,35420312
ShiftRept,200,192,35426720,35426680
ShifterTest,201,193,35704304,35704264
SignalTyp,202,194,35715540,35715500
SimpleMerge,203,195,35728628,35728588
Simsets,204,196,35744912,35744872
SortBuff,205,197,35765112,35765072
SortData,206,198,36059572,36059532
Sorters,207,199,37349236,37349196
StartStopZones,208,200,37384464,37384424
State,209,201,37396528,37396488
StateType,210,202,37569252,37569212
TIMElist,211,203,37575620,37575580
TState,212,204,37593720,37593680
Today,213,205,37640444,37640404
TrainStates,214,206,37646520,37646480
Trigrset,215,207,37661848,37661808
Trigrtyp,216,208,37941144,37941104
TrilogySets,217,209,37953112,37953072
UPSMenu,218,210,37961624,37961584
UPSType,219,211,37997276,37997236
Updates,220,212,38003644,38003604
WasCState,221,213,38041944,38041904
WasState,222,214,38046948,38046908
WasTState,223,215,38219672,38219632
WatchActs,224,216,38266396,38266356
WatchType,225,217,38272764,38272724
Watcher,226,218,38279132,38279092
WizardAutoFill,227,219,38317220,38317180
WizardTemplate,228,220,38339512,38339472
XferActionPop,229,221,38364268,38364228
XferBoss,230,222,38379596,38379556
XferCfg,231,223,38496936,38496896
XferCheckSet,232,224,38611960,38611920
XferGoSet,233,225,38667368,38667328
XferOutTypePop,234,226,38729256,38729216
XferPattern,235,227,38744584,38744544
XferSensePop,236,228,38765480,38765440
XferStatePop,237,229,38780808,38780768
XferTree,238,230,38796136,38796096
ZoneStates,239,231,38953376,38953336
avideo,240,232,38962560,38962520
belt,241,233,38989052,38989012
contact,242,234,38996540,38996500
convdesc,243,235,39001788,39001748
convtype,244,236,39050716,39050676
ctrlprocnames,245,237,39070524,39070484
dispnames,246,238,39120748,39120708
edworld,247,239,39147276,39147236
flagmenu,248,240,39170396,39170356
flagsmnu,249,241,39220620,39220580
fontmenu,250,242,39272424,39272384
getpw,251,0,39323944,39323904
horns,252,243,39326020,39325980
inout,253,244,39338660,39338620
iomodule,254,245,39343460,39343420
iopos,255,246,39350948,39350908
iostatus,256,247,39353928,39353888
iotype,257,248,39362536,39362496
lowhigh,258,249,39368904,39368864
maininst,259,0,39373704,39373664
newflags,260,250,39374956,39374916
newflagsdouble,261,251,39425180,39425140
offsetc,262,0,39476248,39476208
partnum,263,252,39477500,39477460
partpopup,264,0,39548828,39548788
password,265,253,39550492,39550452
procnames,266,254,39570856,39570816
scanstat,267,255,39621080,39621040
selconv,268,0,39664012,39663972
simelaps,269,256,39665264,39665224
sqlquery,270,257,39669616,39669576
timemenu,271,258,39756392,39756352
IOAction,272,259,40544472,40544432
ChainStretch,273,260,40550840,40550800
ZipperLane,274,261,40576596,40576556
ZipperMerge,275,262,40659392,40659352
ZipperErrLog,276,263,40688276,40688236
ZprAccumState,277,264,40723312,40723272
ZprGapType,278,265,40729680,40729640
ZprGapperZone,279,266,40736048,40736008
ZprIOAction,280,267,40757196,40757156
ZprLaneState,281,268,40763564,40763524
ZprMergeType,282,269,40769932,40769892
ZprSimConfig,283,270,40776300,40776260
ZprStatusMsgs,284,271,40794756,40794716
ZprTickGapper,285,272,40838236,40838196
ZprZoneType,286,273,40858232,40858192
ServoGapper,287,274,40864600,40864560
GapOptState,288,275,40898712,40898672
ServoGapOpt,289,276,40905080,40905040
GapOptSim,290,277,40939872,40939832
GapOptMenu,291,0,40962588,40962548
XfRouteBoss,292,278,40964664,40964624
XfRouteTable,293,279,41072012,41071972
XfSimConfig,294,280,41100944,41100904
XfrSimScans1,295,281,41129916,41129876
XfrSimScans2,296,282,41811796,41811756
XfrSimScans3,297,283,42493676,42493636
XfrSimScans4,298,284,43175556,43175516
XfrSimScans5,299,285,43857436,43857396
ErrConfig,300,286,44539316,44539276
SrtAppControl,301,287,44544564,44544524
SrtBadGapCnfg,302,288,44587268,44587228
SrtLaneNotAvail,303,289,44598576,44598536
SrtRndRobin,304,290,44617028,44616988
SrtScanBoss,305,291,44631728,44631688
SrtScanSts,306,292,44678876,44678836
SrtZoneLane,307,293,44686364,44686324
SrtHrtBeat,308,294,44923284,44923244
SortSimScans1,309,295,44953552,44953512
SortSimScans2,310,296,45635432,45635392
SortSimScans3,311,297,46317312,46317272
SortSimScans4,312,298,46999192,46999152
SortSimScans5,313,299,47681072,47681032
SrtSimConfig,314,300,48362952,48362912
ScnDeviceErrIO,315,301,48400564,48400524
ScnDvErrType,316,302,48547992,48547952
ScnFieldType,317,303,48554360,48554320
ScnScanDevice,318,304,48568568,48568528
ScnScanTypes,319,305,48623996,48623956
ScnScanSts,320,306,48643804,48643764
ScnScanAlg,321,307,48651292,48651252
ScnScanZone,322,308,48671100,48671060
ScnZnErrType,323,309,48756856,48756816
ScnZoneErrIO,324,310,48763224,48763184
XfrTrack,325,311,48910652,48910612
XfrDevice,326,312,49866624,49866584
SrtTrack1,327,313,49922908,49922868
SrtTrack2,328,314,50823848,50823808
SrtTrack3,329,315,51724788,51724748
SrtTrack4,330,316,52625728,52625688
SrtTrack5,331,317,53526668,53526628
SrtDevice1,332,318,54427608,54427568
SrtDevice2,333,319,54483892,54483852
SrtDevice3,334,320,54540176,54540136
SrtDevice4,335,321,54596460,54596420
SrtDevice5,336,322,54652744,54652704
PrtTrkTable1,337,323,54709028,54708988
PrtTrkTable2,338,324,55612656,55612616
PrtTrkTable3,339,325,56516284,56516244
PrtTrkTable4,340,326,57419912,57419872
PrtTrkTable5,341,327,58323540,58323500
PrtTrkErrTbl1,342,328,59227168,59227128
PrtTrkErrTbl2,343,329,59334004,59333964
PrtTrkErrTbl3,344,330,59440840,59440800
PrtTrkErrTbl4,345,331,59547676,59547636
PrtTrkErrTbl5,346,332,59654512,59654472
SendTstCRR,347,333,59761348,59761308
SendIOStatus,348,334,59888228,59888188
MsgCR1,349,335,59928564,59928524
MsgCR2,350,336,60274196,60274156
MsgCR3,351,337,60619828,60619788
MsgCR4,352,338,60965460,60965420
MsgCR5,353,339,61311092,61311052
MsgCR6,354,340,61656724,61656684
MsgCR7,355,341,62002356,62002316
MsgCR8,356,342,62347988,62347948
MsgCR9,357,343,62693620,62693580
MsgDC1,358,344,63039252,63039212
MsgDC2,359,345,63384884,63384844
MsgDC3,360,346,63730516,63730476
MsgDC4,361,347,64076148,64076108
MsgDC5,362,348,64421780,64421740
MsgDC6,363,349,64767412,64767372
MsgDC7,364,350,65113044,65113004
MsgDC8,365,351,65458676,65458636
MsgDC9,366,352,65804308,65804268
MsgXR1,367,353,66149940,66149900
MsgXR2,368,354,67847372,67847332
MsgXR3,369,355,69544804,69544764
MsgXR4,370,356,71242236,71242196
MsgXR5,371,357,72939668,72939628
MsgXR6,372,358,74637100,74637060
MsgXR7,373,359,76334532,76334492
MsgXR8,374,360,78031964,78031924
MsgXR9,375,361,79729396,79729356
MsgXDC1,376,362,81426828,81426788
MsgXDC2,377,363,83124260,83124220
MsgXDC3,378,364,84821692,84821652
MsgXDC4,379,365,86519124,86519084
MsgXDC5,380,366,88216556,88216516
MsgXDC6,381,367,89913988,89913948
MsgXDC7,382,368,91611420,91611380
MsgXDC8,383,369,93308852,93308812
MsgXDC9,384,370,95006284,95006244
MsgGP1,385,371,96703716,96703676
MsgGP2,386,372,97049348,97049308
MsgGP3,387,373,97394980,97394940
MsgGP4,388,374,97740612,97740572
MsgGP5,389,375,98086244,98086204
MsgGP6,390,376,98582076,98582036
MsgGP7,391,377,98927708,98927668
MsgGP8,392,378,99273340,99273300
MsgGP9,393,379,99618972,99618932
MsgTST,394,380,99964604,99964564
MsgWCS,395,381,100310236,100310196
MsgNMS,396,382,106853852,106853812
SrtCommMsgMatch,397,383,106958508,106958468
ConfigHistScrn,398,384,106976716,106976676
RndRobinUtil,399,0,107000568,107000528
PrintApplySim,400,0,107002232,107002192
SimWaveDataUtil,401,0,107006368,107006328
WaveDataMsgUtil,402,0,107009268,107009228
SrtTrkUtil,403,0,107013816,107013776
PrtTrkUtil,404,0,107018776,107018736
SndTrkUtil,405,0,107023736,107023696
RcvTrkUtil,406,0,107026636,107026596
InputData1,407,385,107029536,107029496
InputData2,408,386,107031404,107031364
InputData3,409,387,107033272,107033232
InputData4,410,388,107035140,107035100
InputData5,411,389,107037008,107036968
OutputData1,412,390,107038876,107038836
OutputData2,413,391,107040744,107040704
OutputData3,414,392,107042612,107042572
OutputData4,415,393,107044480,107044440
OutputData5,416,394,107046348,107046308
CombinedJamZones,417,395,107048216,107048176
CombinedEnableBits,418,396,107067720,107067680
TextFontZoom,419,397,107096936,107096896
ViewFontZoom,420,398,107105768,107105728
ButtonFontZoom,421,399,107114600,107114560
FieldFontZoom,422,400,107123432,107123392
HelpFontZoom,423,401,107132264,107132224
TimedIO,424,402,107141096,107141056
ABS_EIP_ADAPTERS,425,403,107174792,107174752
ABS_CARD_INFO,426,404,107252244,107252204
EIP_RAM,427,405,107336716,107336676
PackLiftMenu,428,0,107356256,107356216
PackLiftControl,429,406,107358332,107358292
PackLiftConfig,430,407,107418200,107418160
PackLiftStates,431,408,107486132,107486092
RemoteAuthCfg,432,409,107495892,107495852
RemoteAuthMsg,433,410,107504248,107504208
InchStore,434,411,107563384,107563344
InchStoreStates,435,412,107589340,107589300
PeDisplay,436,413,107597948,107597908
PeList,437,414,107627608,107627568
DCMSensePop,438,415,107657720,107657680
WCSEvents,439,416,107663192,107663152
MenuPad,440,417,107818788,107818748
SrtMsgUtil,441,0,107836204,107836164
SorterUtil,442,0,107844872,107844832
SimScanUtil,443,0,107853540,107853500
XfrMsgUtil,444,0,107856852,107856812
TransferUtil,445,0,107865520,107865480
TriggerUtil,446,0,107870892,107870852
AdminUtil,447,0,107873792,107873752
HbMsgUtil,448,0,107878340,107878300
CommUtil,449,0,107882888,107882848
ScanUtil,450,0,107891144,107891104
CombinerUtil,451,0,107893632,107893592
MergeUtil,452,0,107895296,107895256
GapUtil,453,0,107899020,107898980
IOMsgUtil,454,0,107903568,107903528
VoltRange,455,418,107908528,107908488
AnalogOutputs,456,419,107914448,107914408
IOConfigGUIs,457,0,107941360,107941320
IOUtil,458,0,107944260,107944220
ZipperMenu,459,0,107952104,107952064
ResetUtil,460,0,107955828,107955788
HistoryUtil,461,0,107959964,107959924
ErrorUtil,462,0,107963276,107963236
SimulationUtil,463,0,107966588,107966548
FlagUtil,464,0,107969488,107969448
StatisticsUtil,465,0,107971976,107971936
StartStopUtil,466,0,107974052,107974012
StandardUtil,467,0,107976952,107976912
DestStatus,468,0,107993036,107992996
DsmArea,469,420,107995524,107995484
DsmDest,470,421,108048976,108048936
DsmMsg,471,422,108102856,108102816
DsmStatus,472,423,108213152,108213112
FPLiteConfig,473,424,108224636,108224596
FPLiteAlgPop,474,425,108226888,108226848
FPLite_DCM_Config,475,426,108232360,108232320
HostDataImport,476,427,108275612,108275572
OperatorMenu,477,0,108408556,108408516
XfrPNAMenu,478,0,108414340,108414300
MaintXfr,479,0,108416004,108415964
MaintMenu,480,0,108417668,108417628
AdminMenu,481,0,108425512,108425472
WizardMenu,482,0,108428000,108427960
ZoomFontMenu,483,0,108433784,108433744
ConfigMenu,484,0,108436684,108436644
CapacityBoss,485,428,108448648,108448608
CapacityGapCtrl,486,429,108486948,108486908
CapacityIO,487,430,108535952,108535912
MissingPin,488,431,108577196,108577156
TransIOSummary,489,432,108685628,108685588
TransIOCount,490,433,108689560,108689520
HelpMenu,491,0,108739804,108739764
ScannerStatMachines,492,434,108741468,108741428
CountUtil,493,0,108757492,108757452
FPLiteUtil,494,0,108759156,108759116
ApplType,495,435,108761644,108761604
NoPrintersPop,496,436,108768012,108767972
AssignType,497,437,108773036,108772996
CancelTmpTypes,498,438,108778284,108778244
HeightWidth,499,439,108785772,108785732
LabelNums,500,440,108817108,108817068
LabelStatTyp,501,441,108822356,108822316
LabelTemplates,502,442,108830964,108830924
LabelType,503,443,110131016,110130976
LabelVerTyp,504,444,110139624,110139584
LoadType,505,445,110148232,110148192
PAPrinterScanAssign,506,446,110153480,110153440
PAScannerBoss,507,447,110170896,110170856
PaStatusMsgs,508,448,110203780,110203740
PrintApplyLine,509,449,110247260,110247220
PrintApplyScrn,510,450,110294496,110294456
PrintApplySrtrLn,511,451,110361672,110361632
PrintBelt,512,452,110381092,110381052
PrinterBoss,513,453,110396864,110396824
PrinterUpdPnts,514,454,110448972,110448932
PrinterErrConfig,515,455,110478424,110478384
PASimBoss,516,456,110522444,110522404
PASimCartons,517,457,110554952,110554912
PASimScans,518,458,110593552,110593512
PASimWaveScans1,519,459,110744612,110744572
PASimWaveScans2,520,460,112107120,112107080
PASimWaveScans3,521,461,113469628,113469588
PASimWaveScans4,522,462,114832136,114832096
PASimWaveScans5,523,463,116194644,116194604
SimScanTypes,524,464,117557152,117557112
SimAutoScanTypes,525,465,117563520,117563480
PASimLabels,526,466,117569888,117569848
PASimTrkTable1,527,467,118882624,118882584
PNASimScrn,528,468,119238284,119238244
PNAStatusDisplayScreen,529,469,119255136,119255096
MsgWSD1,530,470,119380196,119380156
MsgWSD2,531,471,120167692,120167652
MsgWSD3,532,472,120955188,120955148
MsgWSD4,533,473,121742684,121742644
MsgWSD5,534,474,122530180,122530140
MsgWSD6,535,475,123317676,123317636
MsgWSD7,536,476,124105172,124105132
MsgWSD8,537,477,124892668,124892628
MsgWSD9,538,478,125680164,125680124
ProjectFlags,539,479,126467660,126467620
PStConvertTable,540,480,126521700,126521660
RndRobinLast,541,481,126534256,126534216
LineRndRobinLast,542,482,126541696,126541656
ScanConfig,543,483,126544556,126544516
ScanInfo,544,484,126549804,126549764
ScanTypes,545,485,126842296,126842256
SendLVM,546,486,126849784,126849744
RcvLabels1,547,487,126855032,126854992
RcvLabels2,548,488,127295028,127294988
RcvLabels3,549,489,127735024,127734984
RcvLabels4,550,490,128175020,128174980
RcvLabels5,551,491,128615016,128614976
SndLabelQue1,552,492,129055012,129054972
SndLabelQue2,553,493,129379896,129379856
SndLabelQue3,554,494,129704780,129704740
SndLabelQue4,555,495,130029664,130029624
SndLabelQue5,556,496,130354548,130354508
SendTstLabels,557,497,130679432,130679392
SendTstPRM,558,498,131125616,131125576
SendType,559,499,131144400,131144360
SensorType,560,500,131149872,131149832
SpdControl,561,501,131156240,131156200
SrtInitNaList,562,502,131192860,131192820
Startreq,563,0,131207592,131207552
StatusMsgs,564,503,131211316,131211276
SystStat,565,504,131254796,131254756
TampStatus,566,505,131261164,131261124
TestCnfgPrt,567,506,131269772,131269732
TestConfig,568,507,131292024,131291984
TestModes,569,508,131329624,131329584
UpdIOTypes,570,509,131335992,131335952
UpdPntTypes,571,510,131341240,131341200
VerifyType,572,511,131348728,131348688
MsgCPN,573,512,131353976,131353936
MsgLRM,574,513,132646992,132646952
MsgLVM,575,514,133940008,133939968
MsgPaTST,576,515,135233024,135232984
MsgTRM,577,516,135496800,135496760
PnAScanDevice,578,517,136789816,136789776
DSRConfig,579,518,136845204,136845164
PMSensePop,580,519,136876624,136876584
PMCompTypePop,581,520,136882096,136882056
PMEmailPop,582,521,136887568,136887528
PMEvents,583,522,136900208,136900168
PMRequests,584,523,136947500,136947460
PMIOTable,585,524,136989924,136989884
PMIOAssign,586,525,137004088,137004048
PMReport,587,526,137017716,137017676
ConfigPromisScrn,588,527,137039968,137039928
ConfigXfgScrn,589,528,137071008,137070968
XfrCnfgState,590,529,137120660,137120620
XfrBossState,591,530,137130164,137130124
XfrSensePop,592,531,137136084,137136044
XfrTransitionPop,593,532,137141556,137141516
XfrTmrSnsePop,594,533,137146356,137146316
XfrTmrActnPop,595,534,137151380,137151340
XfrActionPop,596,535,137156404,137156364
XfrOutStatePop,597,536,137162772,137162732
XfrParamPop,598,537,137167796,137167756
XfrDCMTypePop,599,538,137173268,137173228
XfrSerialPop,600,539,137179636,137179596
XfrDCMTrigPop,601,540,137184660,137184620
XfrPrmTpPop,602,541,137189684,137189644
XfrCfgInput,603,542,137194708,137194668
XfrCfgOutput,604,543,138615600,138615560
XfrCfgInTimer,605,544,138749788,138749748
XfrCfgDelayTmr,606,545,138854168,138854128
XfrParamConfig,607,546,138957252,138957212
XfrErrConfig,608,547,139080700,139080660
XfrTrig,609,548,139140188,139140148
XfrSndMsg,610,549,139175160,139175120
XfrConfig,611,550,139224904,139224864
XfrCheckSet,612,551,139387328,139387288
CheckSetGroups,613,552,140556316,140556276
XfrGoSet,614,553,140562908,140562868
XfrTree,615,554,140663400,140663360
XfrBoss,616,555,140814160,140814120
XfrPalletMaint,617,556,141091376,141091336
XfrCfgPnAOutput,618,557,141697740,141697700
XfrCfgPnAInput,619,558,141723208,141723168
XfrPrintAction,620,559,141762612,141762572
XfrPrintCond,621,560,141767636,141767596
XfrPnAUpdates,622,561,141772660,141772620
PartPfgScrn,623,562,141797056,141797016
TimerTfgScrn,624,563,141827808,141827768
SorterSfgScrn,625,564,141844008,141843968
XfrStepTypes,626,565,141871900,141871860
XfrValTypes,627,566,141878492,141878452
XfrWizardSteps,628,567,141889340,141889300
XfrUpdateParts,629,568,142185720,142185680
SrtrStepTypes,630,569,142200272,142200232
SrtrValTypes,631,570,142206864,142206824
SrtrSideTypes,632,571,142217712,142217672
SrtrWizardSteps,633,572,142222736,142222696
SrtrUpdateParts,634,573,143208412,143208372
AccumType,635,574,143225964,143225924
AccumState,636,575,143232332,143232292
AccumArea,637,576,143238700,143238660
AccumZone,638,577,143256392,143256352
CartonCounter,639,578,143310148,143310108
AccumMiscMenu,640,0,143374332,143374292
MiscAccumTest,641,0,143377232,143377192
CCMTest,642,579,143378484,143378444
BoxTypePop,643,580,143388816,143388776
BoxSizeTbl,644,581,143395184,143395144
NewXfrMenu,645,0,143429804,143429764
XfrSimScanUtil,646,0,143440944,143440904
PMMiscMenu,647,0,143444256,143444216
PrintApplyUtil,648,0,143447980,143447940
PrintApplyFallback,649,582,143460356,143460316
Mainmenu,650,0,143504944,143504904
XfrPNAMonitorScreen,651,583,143509080,143509040
XfrPNAMonitorConfig,652,584,143550332,143550292
BeaconSimConfig,653,585,143591292,143591252
CommCmScrn,654,586,143623480,143623440
ScanScScrn,655,587,143681232,143681192
SPStatusScrn,656,588,143758184,143758144
DuplicateRows,657,589,143780836,143780796
TestColTypes,658,590,143833980,143833940
FindPartList,659,591,143875720,143875680
FindPartScrn,660,592,143930212,143930172
TestPopUps,661,593,143938564,143938524
SendRecList,662,594,143959884,143959844
DistributedMenus,663,595,144020648,144020608
Type33MsgQue,664,596,144054344,144054304
FPLiteOReilly,665,0,144134112,144134072
FPLORLane,666,597,144138248,144138208
FPLORLnOverride,667,598,144246812,144246772
FPLORException,668,599,144299512,144299472
FPLORBcdCols,669,600,144303864,144303824
FPLORBcdFmt,670,601,144309112,144309072
FPLORWaveBankConfig,671,602,144311912,144311872
FPLORWaveBankSelect,672,603,144356364,144356324
CntTrigType,673,604,144358616,144358576
CounterInfo,674,605,144365880,144365840
CounterTrigger,675,606,144474280,144474240
EIPCSV,676,607,144533252,144533212
EIPAdapters,677,608,145231248,145231208
EIPModuleType,678,609,145278208,145278168
EIPModules,679,610,145888280,145888240
EIPStatusScrn,680,611,151351104,151351064
EipDuplRows,681,612,151380556,151380516
OpmCSV,682,613,151433700,151433660
OpmAdapters,683,614,152136688,152136648
OpmModuleType,684,615,152244824,152244784
OpmModules,685,616,152384104,152384064
OpmStatusScrn,686,617,153124532,153124492
OpmDuplRows,687,618,153153984,153153944
MergeSelection,688,619,153207128,153207088
,689,0,-1074790400,-1074790440
,690,0,-1074790400,-1074790440
,691,0,-1074790400,-1074790440
,692,0,-1074790400,-1074790440
,693,0,-1074790400,-1074790440
,694,0,-1074790400,-1074790440
,695,0,-1074790400,-1074790440
,696,0,-1074790400,-1074790440
,697,0,-1074790400,-1074790440
,698,0,-1074790400,-1074790440
,699,0,-1074790400,-1074790440
,700,0,-1074790400,-1074790440
,701,0,-1074790400,-1074790440
,702,0,-1074790400,-1074790440
,703,0,-1074790400,-1074790440
,704,0,-1074790400,-1074790440
,705,0,-1074790400,-1074790440
,706,0,-1074790400,-1074790440
,707,0,-1074790400,-1074790440
,708,0,-1074790400,-1074790440
,709,0,-1074790400,-1074790440
,710,0,-1074790400,-1074790440
,711,0,-1074790400,-1074790440
,712,0,-1074790400,-1074790440
,713,0,-1074790400,-1074790440
